# name: debug
# type: sparse matrix
# nnz: 8082
# rows: 900
# columns: 900

1 1 400.752809
2 1 85.0045096
3 1 101.57201
4 1 -399.984345
5 1 -88.5498095
6 1 0
1 2 85.0045096
2 2 9999.24725
3 2 10780.9848
4 2 3.54199289
5 2 -9999.60794
6 2 0
1 3 101.57201
2 3 10780.9848
3 3 12444.786
4 3 -6.10258372
5 3 -10781.4616
6 3 -820.701587
1 4 -399.984345
2 4 3.54199289
3 4 -6.10258372
4 4 801.476766
5 4 -119.05927
6 4 -127.948306
7 4 -399.969291
8 4 124.02959
9 4 0
1 5 -88.5498095
2 5 -9999.60794
3 5 -10781.4616
4 5 -119.05927
5 5 19998.5232
6 5 10610.2161
7 5 -4.96111859
8 5 -9999.23083
9 5 0
1 6 0
2 6 0
3 6 -820.701587
4 6 -127.948306
5 6 10610.2161
6 6 12900.741
7 6 -3.65953755
8 6 -10610.9869
9 6 -820.701587
4 7 -399.969291
5 7 -4.96111859
6 7 -3.65953755
7 7 814.108646
8 7 -367.750454
9 7 -384.247022
10 7 -399.706079
11 7 383.354951
12 7 0
4 8 124.02959
5 8 -9999.23083
6 8 -10610.9869
7 8 -367.750454
8 8 19985.8919
9 8 10502.5495
10 8 -15.3340952
11 8 -9992.64924
12 8 0
4 9 0
5 9 0
6 9 -820.701587
7 9 -384.247022
8 9 10502.5495
9 9 12687.3575
10 9 -18.6559109
11 9 -10509.5595
12 9 -820.701589
7 10 -399.706079
8 10 -15.3340952
9 10 -18.6559109
10 10 809.268045
11 10 298.142137
12 10 327.910291
13 10 -399.806753
14 10 -310.714697
15 10 0
7 11 383.354951
8 11 -9992.64924
9 11 -10509.5595
10 11 298.142137
11 11 19990.7318
12 11 10698.6962
13 11 12.4285239
14 11 -9995.17172
15 11 0
7 12 0
8 12 0
9 12 -820.701589
10 12 327.910291
11 12 10698.6962
12 12 13098.418
13 12 4.67217873
14 12 -10703.7191
15 12 -820.701587
10 13 -399.806753
11 13 12.4285239
12 13 4.67217873
13 13 10395.2319
14 13 -213.93033
15 13 -327.261523
16 13 -8.91815498
17 13 9997.5192
18 13 0
10 14 -310.714697
11 14 -9995.17172
12 14 -10703.7191
13 14 -213.93033
14 14 10404.7697
15 14 440.779215
16 14 -399.900571
17 14 -222.899586
18 14 0
10 15 0
11 15 0
12 15 -820.701587
13 15 -327.261523
14 15 440.779215
15 15 2122.29523
16 15 -433.374987
17 15 -337.00523
18 15 -820.701632
13 16 -8.91815498
14 16 -399.900571
15 16 -433.374987
16 16 825.223463
17 16 491.4327
18 16 517.446637
19 16 -399.47433
20 16 -512.585495
21 16 0
13 17 9997.5192
14 17 -222.899586
15 17 -337.00523
16 17 491.4327
17 17 19974.7836
18 17 10441.1951
19 17 20.5006399
20 17 -9986.85903
21 17 0
13 18 0
14 18 0
15 18 -820.701632
16 18 517.446637
17 18 10441.1951
18 18 12570.8483
19 18 18.4308002
20 18 -10453.9967
21 18 -820.701723
16 19 -399.47433
17 19 20.5006399
18 19 18.4308002
19 19 809.520929
20 19 -302.174038
21 19 -287.033011
22 19 -399.801539
23 19 314.923813
24 19 0
16 20 -512.585495
17 20 -9986.85903
18 20 -10453.9967
19 20 -302.174038
20 20 19990.4979
21 20 9608.83773
22 20 -12.600119
23 20 -9995.04608
24 20 0
16 21 0
17 21 0
18 21 -820.701723
19 21 -287.033011
20 21 9608.83773
21 21 10883.2016
22 21 -15.717317
23 21 -9613.10702
24 21 -820.701723
19 22 -399.801539
20 22 -12.600119
21 22 -15.717317
22 22 804.206623
23 22 200.911982
24 22 191.588509
25 22 -399.912419
26 22 -209.325771
27 22 0
19 23 314.923813
20 23 -9995.04608
21 23 -9613.10702
22 23 200.911982
23 23 19995.7974
24 23 9542.03464
25 23 8.37627732
26 23 -9997.81189
27 23 0
19 24 0
20 24 0
21 24 -820.701723
22 24 191.588509
23 24 9542.03464
24 24 10750.276
25 24 8.19609303
26 24 -9543.95543
27 24 -820.701723
22 25 -399.912419
23 25 8.37627732
24 25 8.19609303
25 25 800.433791
26 25 -64.5010726
27 25 -61.6344129
28 25 -399.991118
29 25 67.1862156
30 25 0
22 26 -209.325771
23 26 -9997.81189
24 26 -9543.95543
25 26 -64.5010726
26 26 19999.5814
27 26 10300.698
28 26 -2.68348264
29 26 -9999.77967
30 26 0
22 27 0
23 27 0
24 27 -820.701723
25 27 -61.6344129
26 27 10300.698
27 27 12252.3477
28 27 -7.56961662
29 27 -10300.8742
30 27 -820.701723
25 28 -399.991118
26 28 -2.68348264
27 28 -7.56961662
28 28 10396.1772
29 28 -191.576882
30 28 -55.8081923
31 28 7.98685622
32 28 -9998.00555
33 28 0
25 29 67.1862156
26 29 -9999.77967
27 29 -10300.8742
28 29 -191.576882
29 29 10403.8247
30 29 404.964079
31 29 399.920166
32 29 199.595238
33 29 0
25 30 0
26 30 0
27 30 -820.701723
28 30 -55.8081923
29 30 404.964079
30 30 2049.38597
31 30 403.769325
32 30 63.8800977
33 30 -820.701723
28 31 7.98685622
29 31 399.920166
30 31 403.769325
31 31 803.904667
32 31 193.580894
33 31 195.559936
34 31 -399.918491
35 31 -201.690847
36 31 0
28 32 -9998.00555
29 32 199.595238
30 32 63.8800977
31 32 193.580894
32 32 19996.0901
33 32 9798.94773
34 32 8.0687771
35 32 -9997.96737
36 32 0
28 33 0
29 33 0
30 33 -820.701723
31 33 195.559936
32 33 9798.94773
33 33 11247.1745
34 33 2.11669619
35 33 -9800.89861
36 33 -820.701587
31 34 -399.918491
32 34 8.0687771
33 34 2.11669619
34 34 800.176648
35 34 -41.1676997
36 34 -41.6379105
37 34 -399.996223
38 34 42.8820807
39 34 0
31 35 -201.690847
32 35 -9997.96737
33 35 -9800.89861
34 35 -41.1676997
35 35 19999.8266
36 35 9024.78923
37 35 -1.71540347
38 35 -9999.90545
39 35 0
31 36 0
32 36 0
33 36 -820.701587
34 36 -41.6379105
35 36 9024.78923
36 36 9786.27793
37 36 2.93708391
38 36 -9024.88092
39 36 -820.701587
34 37 -399.996223
35 37 -1.71540347
36 37 2.93708391
37 37 830.775933
38 37 -542.684754
39 37 -510.052218
40 37 -399.3584
41 37 566.205013
42 37 0
34 38 42.8820807
35 38 -9999.90545
36 38 -9024.88092
37 38 -542.684754
38 38 19969.2099
39 38 9350.41453
40 38 -22.6476705
41 38 -9983.95091
42 38 0
34 39 0
35 39 0
36 39 -820.701587
37 39 -510.052218
38 39 9350.41453
39 39 10411.4281
40 39 -20.1912439
41 39 -9364.29369
42 39 -820.701587
37 40 -399.3584
38 40 -22.6476705
39 40 -20.1912439
40 40 802.737405
41 40 -162.049688
42 40 -165.649592
43 40 -399.943485
44 40 168.825454
45 40 0
37 41 566.205013
38 41 -9983.95091
39 41 -9364.29369
40 41 -162.049688
41 41 19997.2497
42 41 10305.5003
43 41 -6.75054941
44 41 -9998.57299
45 41 0
37 42 0
38 42 0
39 42 -820.701587
40 42 -165.649592
41 42 10305.5003
42 42 12264.6562
43 42 -8.35468805
44 42 -10306.8338
45 42 -820.701587
40 43 -399.943485
41 43 -6.75054941
42 43 -8.35468805
43 43 10387.6326
44 43 -344.373383
45 43 -338.853183
46 43 14.3652716
47 43 -9993.55898
48 43 0
40 44 168.825454
41 44 -9998.57299
42 44 -10306.8338
43 44 -344.373383
44 44 10412.3729
45 44 414.412308
46 44 399.742127
47 44 358.951144
48 44 0
40 45 0
41 45 0
42 45 -820.701587
43 45 -338.853183
44 45 414.412308
45 45 2057.87416
46 45 401.981914
47 45 353.510191
48 45 -820.701723
43 46 14.3652716
44 46 399.742127
45 46 401.981914
46 46 801.939835
47 46 136.418536
48 46 144.817691
49 46 -399.959719
50 46 -142.125284
51 46 0
43 47 -9993.55898
44 47 358.951144
45 47 353.510191
46 47 136.418536
47 47 19998.0672
48 47 10175.4244
49 47 5.68765325
50 47 -9998.99816
51 47 0
43 48 0
44 48 0
45 48 -820.701723
46 48 144.817691
47 48 10175.4244
48 48 11997.4257
49 48 -0.182564173
50 48 -10176.462
51 48 -820.701723
46 49 -399.959719
47 49 5.68765325
48 49 -0.182564173
49 49 800.529017
50 49 71.2874953
51 49 69.5756867
52 49 -399.988932
53 49 -74.2620932
54 49 0
46 50 -142.125284
47 50 -9998.99816
48 50 -10176.462
49 50 71.2874953
50 50 19999.505
51 50 10348.6965
52 50 2.96931843
53 50 -9999.73159
54 50 0
46 51 0
47 51 0
48 51 -820.701723
49 51 69.5756867
50 51 10348.6965
51 51 12351.5459
52 51 7.27638811
53 51 -10348.9154
54 51 -820.701723
49 52 -399.988932
50 52 2.96931843
51 52 7.27638811
52 52 800.063944
53 52 24.6928413
54 52 35.5162714
55 52 -399.998791
56 52 -25.7204662
57 52 0
49 53 -74.2620932
50 53 -9999.73159
51 53 -10348.9154
52 53 24.6928413
53 53 19999.9335
54 53 9662.60035
55 53 1.03258081
56 53 -9999.97217
57 53 0
49 54 0
50 54 0
51 54 -820.701723
52 54 35.5162714
53 54 9662.60035
54 54 10978.3855
55 54 -10.6599152
56 54 -9662.66323
57 54 -820.701723
52 55 -399.998791
53 55 1.03258081
54 55 -10.6599152
55 55 800.246249
56 55 48.6092536
57 55 42.2246935
58 55 -399.994893
59 55 -50.6394948
60 55 0
52 56 -25.7204662
53 56 -9999.97217
54 56 -9662.66323
55 56 48.6092536
56 56 19999.782
57 56 9008.039
58 56 2.02629724
59 56 -9999.87983
60 56 0
52 57 0
53 57 0
54 57 -820.701723
55 57 42.2246935
56 57 9008.039
57 57 9756.07032
58 57 3.39236952
59 57 -9008.12716
60 57 -820.701723
55 58 -399.994893
56 58 2.02629724
57 58 3.39236952
58 58 10381.1091
59 58 -425.428927
60 58 -366.686341
61 58 17.7440509
62 58 -9990.15606
63 58 0
55 59 -50.6394948
56 59 -9999.87983
57 59 -9008.12716
58 59 -425.428927
59 59 10418.8871
60 59 377.878031
61 59 399.606303
62 59 443.591358
63 59 0
55 60 0
56 60 0
57 60 -820.701723
58 60 -366.686341
59 60 377.878031
60 60 1982.31517
61 60 361.24015
62 60 383.08767
63 60 -820.701723
58 61 17.7440509
59 61 399.606303
60 61 361.24015
61 61 800.279693
62 61 -51.8063775
63 61 -54.5352948
64 61 -399.993899
65 61 53.9653728
66 61 0
58 62 -9990.15606
59 62 443.591358
60 62 383.08767
61 62 -51.8063775
62 62 19999.7197
63 62 10545.0882
64 62 -2.15760997
65 62 -9999.85381
66 62 0
58 63 0
59 63 0
60 63 -820.701723
61 63 -54.5352948
62 63 10545.0882
63 63 12761.6035
64 63 -2.37129579
65 63 -10545.229
66 63 -820.701723
61 64 -399.993899
62 64 -2.15760997
63 64 -2.37129579
64 64 826.600652
65 64 -504.650744
66 64 -472.993272
67 64 -399.444968
68 64 526.406419
69 64 0
61 65 53.9653728
62 65 -9999.85381
63 65 -10545.229
64 65 -504.650744
65 65 19973.3979
66 65 9466.26501
67 65 -21.0555491
68 65 -9986.1349
69 65 0
61 66 0
62 66 0
63 66 -820.701723
64 66 -472.993272
65 66 9466.26501
66 66 10626.4117
67 66 -25.9722259
68 66 -9478.03819
69 66 -820.701723
64 67 -399.444968
65 67 -21.0555491
66 67 -25.9722259
67 67 808.248304
68 67 -281.291637
69 67 -286.26919
70 67 -399.827889
71 67 293.137037
72 67 0
64 68 526.406419
65 68 -9986.1349
66 68 -9478.03819
67 68 -281.291637
68 68 19991.7486
69 68 9987.8102
70 68 -11.7252178
71 68 -9995.70194
72 68 0
64 69 0
65 69 0
66 69 -820.701723
67 69 -286.26919
68 69 9987.8102
69 69 11625.3405
70 69 -6.63369419
71 69 -9991.91014
72 69 -820.701723
67 70 -399.827889
68 70 -11.7252178
69 70 -6.63369419
70 70 804.784024
71 70 214.245289
72 70 230.249885
73 70 -399.900184
74 70 -223.227553
75 70 0
67 71 293.137037
68 71 -9995.70194
69 71 -9991.91014
70 71 214.245289
71 71 19995.2155
72 71 10772.2742
73 71 8.92941511
74 71 -9997.50762
75 71 0
67 72 0
68 72 0
69 72 -820.701723
70 72 230.249885
71 72 10772.2742
72 72 13251.1481
73 72 10.2747988
74 72 -10774.7298
75 72 -820.701723
70 73 -399.900184
71 73 8.92941511
72 73 10.2747988
73 73 10387.2831
74 73 349.062364
75 73 238.5927
76 73 14.5563996
77 73 9993.37694
78 73 0
70 74 -223.227553
71 74 -9997.50762
72 74 -10774.7298
73 74 349.062364
74 74 10412.7085
75 74 405.454004
76 74 -399.735041
77 74 363.848428
78 74 0
70 75 0
71 75 0
72 75 -820.701723
73 75 238.5927
74 75 405.454004
75 75 2040.85314
76 75 -396.504315
77 75 253.187443
78 75 -820.701723
73 76 14.5563996
74 76 -399.735041
75 76 -396.504315
76 76 802.468306
77 76 153.917744
78 76 146.261796
79 76 -399.948606
80 76 -160.349213
81 76 0
73 77 9993.37694
74 77 363.848428
75 77 253.187443
76 77 153.917744
77 77 19997.5377
78 77 9705.20101
79 77 6.41043275
80 77 -9998.71376
81 77 0
73 78 0
74 78 0
75 78 -820.701723
76 78 146.261796
77 78 9705.20101
78 78 11062.8449
79 78 9.37570674
80 78 -9706.29638
81 78 -820.701723
76 79 -399.948606
77 79 6.41043275
78 79 9.37570674
79 79 805.419571
80 79 228.036373
81 79 216.874783
82 79 -399.887074
83 79 -237.60138
84 79 0
76 80 -160.349213
77 80 -9998.71376
78 80 -9706.29638
79 80 228.036373
80 80 19994.5792
81 80 9654.77007
82 80 9.50279778
83 80 -9997.18185
84 80 0
76 81 0
77 81 0
78 81 -820.701723
79 81 216.874783
80 81 9654.77007
81 81 10967.944
82 81 12.5837569
83 81 -9657.20059
84 81 -820.701723
79 82 -399.887074
80 82 9.50279778
81 82 12.5837569
82 82 829.858727
83 82 -534.558322
84 82 -546.6909
85 82 -399.377249
86 82 557.700658
87 82 0
79 83 -237.60138
80 83 -9997.18185
81 83 -9657.20059
82 83 -534.558322
83 83 19970.1599
84 83 10199.1939
85 83 -22.3118605
86 83 -9984.44255
87 83 0
79 84 0
80 84 0
81 84 -820.701723
82 84 -546.6909
83 84 10199.1939
84 84 12074.9014
85 84 -22.9732316
86 84 -10213.8048
87 84 -820.701723
82 85 -399.377249
83 85 -22.3118605
84 85 -22.9732316
85 85 806.392478
86 85 247.643092
87 85 259.653375
88 85 -399.866759
89 85 -258.043199
90 85 0
82 86 557.700658
83 86 -9984.44255
84 86 -10213.8048
85 86 247.643092
86 86 19993.6114
87 86 10352.646
88 86 10.3210408
89 86 -9996.66913
90 86 0
82 87 0
83 87 0
84 87 -820.701723
85 87 259.653375
86 87 10352.646
87 87 12366.009
88 87 7.57560092
89 87 -10355.8959
90 87 -820.701723
85 88 -399.866759
86 88 10.3210408
87 88 7.57560092
88 88 10392.0746
89 88 275.590526
90 88 255.554782
91 88 -11.4862407
92 88 -9995.87382
93 88 0
85 89 -258.043199
86 89 -9996.66913
87 89 -10355.8959
88 89 275.590526
89 89 10407.9138
90 89 410.872391
91 89 399.834993
92 89 -287.191557
93 89 0
85 90 0
86 90 0
87 90 -820.701723
88 90 255.554782
89 90 410.872391
90 90 2055.30144
91 90 403.363868
92 90 -267.249403
93 90 -820.701723
88 91 -11.4862407
89 91 399.834993
90 91 403.363868
91 91 823.720416
92 91 -476.605447
93 91 -501.201447
94 91 -399.505505
95 91 497.076787
96 91 0
88 92 -9995.87382
89 92 -287.191557
90 92 -267.249403
91 92 -476.605447
92 92 19976.2952
93 92 10433.0155
94 92 -19.8831978
95 92 -9987.64761
96 92 0
88 93 0
89 93 0
90 93 -820.701723
91 93 -501.201447
92 93 10433.0155
93 93 12552.0722
94 93 -18.0189327
95 93 -10445.0303
96 93 -820.701723
91 94 -399.505505
92 94 -19.8831978
93 94 -18.0189327
94 94 811.731675
95 94 335.390593
96 94 338.966618
97 94 -399.755468
98 94 -349.57839
99 94 0
91 95 497.076787
92 95 -9987.64761
93 95 -10445.0303
94 95 335.390593
95 95 19988.2869
96 95 10324.3459
97 95 13.986926
98 95 -9993.89534
99 95 0
91 96 0
92 96 0
93 96 -820.701723
94 96 338.966618
95 96 10324.3459
96 96 12313.2721
97 96 22.1610837
98 96 -10329.8819
99 96 -820.701723
94 97 -399.755468
95 97 13.986926
96 97 22.1610837
97 97 800.972795
98 97 -96.6282914
99 97 -95.4504169
100 97 -399.979805
101 97 100.655394
102 97 0
94 98 -349.57839
95 98 -9993.89534
96 98 -10329.8819
97 98 -96.6282914
98 98 19999.0335
99 98 10615.6684
100 98 -4.02691421
101 98 -9999.49306
102 98 0
94 99 0
95 99 0
96 99 -820.701723
97 99 -95.4504169
98 99 10615.6684
99 99 12911.8665
100 99 -11.4077484
101 99 -10616.0892
102 99 -820.701723
97 100 -399.979805
98 100 -4.02691421
99 100 -11.4077484
100 100 808.728193
101 100 289.331301
102 100 303.290126
103 100 -399.818079
104 100 -301.522999
105 100 0
97 101 100.655394
98 101 -9999.49306
99 101 -10616.0892
100 101 289.331301
101 101 19991.2712
102 101 10262.6881
103 101 12.0640251
104 101 -9995.45461
105 101 0
97 102 0
98 102 0
99 102 -820.701723
100 102 303.290126
101 102 10262.6881
102 102 12182.972
103 102 6.29455917
104 102 -10267.1666
105 102 -820.701723
100 103 -399.818079
101 103 12.0640251
102 103 6.29455917
103 103 10399.8897
104 103 -32.4523888
105 103 56.7590424
106 103 -1.351257
107 103 9999.94227
108 103 0
100 104 -301.522999
101 104 -9995.45461
102 104 -10267.1666
103 104 -32.4523888
104 104 10400.1111
105 104 389.089079
106 104 -399.997845
107 104 -33.8012375
108 104 0
100 105 0
101 105 0
102 105 -820.701723
103 105 56.7590424
104 105 389.089079
105 105 2020.55557
106 105 -389.278768
107 105 55.4438297
108 105 -820.701723
103 106 -1.351257
104 106 -399.997845
105 106 -389.278768
106 106 832.772251
107 106 -559.943361
108 106 -589.000888
109 106 -399.316656
110 106 584.273083
111 106 0
103 107 9999.94227
104 107 -33.8012375
105 107 55.4438297
106 107 -559.943361
107 107 19967.227
108 107 10431.8675
109 107 -23.3709574
110 107 -9982.91661
111 107 0
103 108 0
104 108 0
105 108 -820.701723
106 108 -589.000888
107 108 10431.8675
108 108 12559.5924
109 108 -21.511223
110 108 -10448.4603
111 108 -820.701723
106 109 -399.316656
107 109 -23.3709574
108 109 -21.511223
109 109 800.443786
110 109 -65.2711927
111 109 -62.7482757
112 109 -399.990673
113 109 67.9923122
114 109 0
106 110 584.273083
107 110 -9982.91661
108 110 -10448.4603
109 110 -65.2711927
110 110 19999.5569
111 110 8937.73646
112 110 -2.71976646
113 110 -9999.76899
114 110 0
106 111 0
107 111 0
108 111 -820.701723
109 111 -62.7482757
110 111 8937.73646
111 111 9630.11942
112 111 1.97698102
113 111 -8937.95614
114 111 -820.701723
109 112 -399.990673
110 112 -2.71976646
111 112 1.97698102
112 112 800.834296
113 112 -89.5178416
114 112 -93.9871405
115 112 -399.982346
116 112 93.2521617
117 112 0
109 113 67.9923122
110 113 -9999.76899
111 113 -8937.95614
112 113 -89.5178416
113 113 19999.1643
114 113 10430.0549
115 113 -3.73037262
116 113 -9999.56495
117 113 0
109 114 0
110 114 0
111 114 -820.701723
112 114 -93.9871405
113 114 10430.0549
114 114 12520.9178
115 114 -3.27953698
116 114 -10430.4782
117 114 -820.701723
112 115 -399.982346
113 115 -3.73037262
114 115 -3.27953698
115 115 822.050509
116 115 -459.565202
117 115 -440.735886
118 115 -399.540214
119 115 479.264521
120 115 0
112 116 93.2521617
113 116 -9999.56495
114 116 -10430.4782
115 116 -459.565202
116 116 19977.9489
117 116 9592.6142
118 116 -19.1710097
119 116 -9988.50827
120 116 0
112 117 0
113 117 0
114 117 -820.701723
115 117 -440.735886
116 117 9592.6142
117 117 10863.5671
118 117 -19.5110192
119 117 -9602.71408
120 117 -820.701723
115 118 -399.540214
116 118 -19.1710097
117 118 -19.5110192
118 118 10362.2241
119 118 600.88898
120 118 747.837537
121 118 25.084098
122 118 9980.2976
123 118 0
115 119 479.264521
116 119 -9988.50827
117 119 -9602.71408
118 119 600.88898
119 119 10437.7595
120 119 481.711018
121 119 -399.212681
122 119 627.160119
123 119 0
115 120 0
116 120 0
117 120 -820.701723
118 120 747.837537
119 120 481.711018
120 120 2172.29965
121 120 -433.861442
122 120 776.576323
123 120 -820.701723
118 121 25.084098
119 121 -399.212681
120 121 -433.861442
121 121 839.839617
122 121 617.146269
123 121 625.532912
124 121 -399.169463
125 121 -644.202778
126 121 0
118 122 9980.2976
119 122 627.160119
120 122 776.576323
121 122 617.146269
122 122 19960.1258
123 122 10050.0501
124 122 25.7635178
125 122 -9979.22826
126 122 0
118 123 0
119 123 0
120 123 -820.701723
121 123 625.532912
122 123 10050.0501
123 123 11782.1918
124 123 23.1884195
125 123 -10069.489
126 123 -820.701587
121 124 -399.169463
122 124 25.7635178
123 124 23.1884195
124 124 823.120762
125 124 470.562578
126 124 443.850742
127 124 -399.518433
128 124 -490.755661
129 124 0
121 125 -644.202778
122 125 -9979.22826
123 125 -10069.489
124 125 470.562578
125 125 19976.8978
126 125 9425.36624
127 125 19.6240071
128 125 -9987.95794
129 125 0
121 126 0
122 126 0
123 126 -820.701587
124 126 443.850742
125 126 9425.36624
126 126 10545.7432
127 126 19.233131
128 126 -9435.79677
129 126 -820.701587
124 127 -399.518433
125 127 19.6240071
126 127 19.233131
127 127 800.002622
128 127 -4.67939516
129 127 -5.21234525
130 127 -400.000069
131 127 4.88105599
132 127 0
124 128 -490.755661
125 128 -9987.95794
126 128 -9435.79677
127 128 -4.67939516
128 128 20000.0299
129 128 10817.9489
130 128 -0.189792604
131 128 -10000.0011
132 128 0
124 129 0
125 129 0
126 129 -820.701587
127 129 -5.21234525
128 129 10817.9489
129 129 13344.185
130 129 -0.0617458604
131 129 -10817.9317
132 129 -820.701587
127 130 -400.000069
128 130 -0.189792604
129 130 -0.0617458604
130 130 802.293223
131 130 148.346251
132 130 146.078682
133 130 -399.95254
134 130 -154.552036
135 130 0
127 131 4.88105599
128 131 -10000.0011
129 131 -10817.9317
130 131 148.346251
131 131 19997.6761
132 131 9897.98664
133 131 6.17520214
134 131 -9998.80156
135 131 0
127 132 0
128 132 0
129 132 -820.701587
130 132 146.078682
131 132 9897.98664
132 132 11440.6815
133 132 6.90736018
134 132 -9899.07405
135 132 -820.701587
130 133 -399.95254
131 133 6.17520214
132 133 6.90736018
133 133 10357.0512
134 133 -640.738222
135 133 -722.516593
136 133 26.7612268
137 133 -9977.60474
138 133 0
130 134 -154.552036
131 134 -9998.80156
132 134 -9899.07405
133 134 -640.738222
134 134 10442.9671
135 134 450.082719
136 134 399.104145
137 134 668.941503
138 134 0
130 135 0
131 135 0
132 135 -820.701587
133 135 -722.516593
134 135 450.082719
135 135 2099.28981
136 135 400.741746
137 135 751.006264
138 135 -820.701723
133 136 26.7612268
134 136 399.104145
135 136 400.741746
136 136 805.234728
137 136 224.125474
138 136 237.406449
139 136 -399.890528
140 136 -233.530257
141 136 0
133 137 -9977.60474
134 137 668.941503
135 137 751.006264
136 137 224.125474
137 137 19994.7653
138 137 10868.1879
139 137 9.34398934
140 137 -9997.27365
141 137 0
133 138 0
134 138 0
135 138 -820.701723
136 138 237.406449
137 138 10868.1879
138 138 13459.4386
139 138 16.4669775
140 138 -10870.7668
141 138 -820.701723
136 139 -399.890528
137 139 9.34398934
138 139 16.4669775
139 139 800.947869
140 139 -95.3861868
141 139 -98.4392068
142 139 -399.980572
143 139 99.3616564
144 139 0
136 140 -233.530257
137 140 -9997.27365
138 140 -10870.7668
139 140 -95.3861868
140 140 19999.0449
141 140 10548.3932
142 140 -3.97823283
143 140 -9999.50173
144 140 0
136 141 0
137 141 0
138 141 -820.701723
139 141 -98.4392068
140 141 10548.3932
141 141 12769.3378
142 141 -6.38068187
143 141 -10548.8531
144 141 -820.701723
139 142 -399.980572
140 142 -3.97823283
141 142 -6.38068187
142 142 802.442089
143 142 153.054439
144 142 151.106797
145 142 -399.949424
146 142 -159.447392
147 142 0
139 143 99.3616564
140 143 -9999.50173
141 143 -10548.8531
142 143 153.054439
143 143 19997.55
144 143 10040.1201
145 143 6.37567985
146 143 -9998.72161
147 143 0
139 144 0
140 144 0
141 144 -820.701723
142 144 151.106797
143 144 10040.1201
144 144 11724.2894
145 144 8.99763127
146 144 -10041.253
147 144 -820.701723
142 145 -399.949424
143 145 6.37567985
144 145 8.99763127
145 145 809.673059
146 145 -304.59091
147 145 -292.023096
148 145 -399.798346
149 145 317.444139
150 145 0
142 146 -159.447392
143 146 -9998.72161
144 146 -10041.253
145 146 -304.59091
146 146 19990.3119
147 146 9589.49112
148 146 -12.6939208
149 146 -9994.9603
150 146 0
142 147 0
143 147 0
144 147 -820.701723
145 147 -292.023096
146 147 9589.49112
147 147 10846.1488
148 147 -12.5334664
149 147 -9593.93509
150 147 -820.701723
145 148 -399.798346
146 148 -12.6939208
147 148 -12.5334664
148 148 10399.9281
149 148 29.6581061
150 148 -29.5758683
151 148 -1.23687621
152 148 -9999.96945
153 148 0
145 149 317.444139
146 149 -9994.9603
147 149 -9593.93509
148 149 29.6581061
149 149 10400.0992
150 149 414.90995
151 149 399.998257
152 149 -30.8975367
153 149 0
145 150 0
146 150 0
147 150 -820.701723
148 150 -29.5758683
149 150 414.90995
150 150 2072.0442
151 150 414.999094
152 150 28.2939054
153 150 -820.701723
148 151 -1.23687621
149 151 399.998257
150 151 414.999094
151 151 817.637185
152 151 -411.106859
153 151 -416.906867
154 151 -399.632144
155 151 428.630998
156 151 0
148 152 -9999.96945
149 152 -30.8975367
150 152 28.2939054
151 152 -411.106859
152 152 19982.3967
153 152 10037.9844
154 152 -17.1483688
155 152 -9990.81995
156 152 0
148 153 0
149 153 0
150 153 -820.701723
151 153 -416.906867
152 153 10037.9844
153 153 11735.3308
154 153 -13.738124
155 153 -10046.6199
156 153 -820.701723
151 154 -399.632144
152 154 -17.1483688
153 154 -13.738124
154 154 800.103497
155 154 31.501907
156 154 26.3277311
157 154 -399.997958
158 154 -32.8114035
159 154 0
151 155 428.630998
152 155 -9990.81995
153 155 -10046.6199
154 155 31.501907
155 155 19999.8997
156 155 10088.7163
157 155 1.30507181
158 155 -9999.94835
159 155 0
151 156 0
152 156 0
153 156 -820.701723
154 156 26.3277311
155 156 10088.7163
156 156 11819.8009
157 156 6.76744281
158 156 -10088.7489
159 156 -820.701723
154 157 -399.997958
155 157 1.30507181
156 157 6.76744281
157 157 802.706737
158 157 161.17759
159 157 161.281407
160 157 -399.943553
161 157 -167.908943
162 157 0
154 158 -32.8114035
155 158 -9999.94835
156 158 -10088.7489
157 158 161.17759
158 158 19997.2981
159 158 10193.0492
160 158 6.72257293
161 158 -9998.59856
162 158 0
154 159 0
155 159 0
156 159 -820.701723
157 159 161.281407
158 159 10193.0492
159 159 12034.0625
160 159 9.89838949
161 159 -10194.3267
162 159 -820.701723
157 160 -399.943553
158 160 6.72257293
159 160 9.89838949
160 160 807.594791
161 160 -269.916966
162 160 -276.77513
163 160 -399.841699
164 160 281.267021
165 160 0
157 161 -167.908943
158 161 -9998.59856
159 161 -10194.3267
160 161 -269.916966
161 161 19992.4398
162 161 10194.0511
163 161 -11.2534375
164 161 -9996.04702
165 161 0
157 162 0
158 162 0
159 162 -820.701723
160 162 -276.77513
161 162 10194.0511
162 162 12041.1538
163 162 -10.062459
164 162 -10197.7859
165 162 -820.701723
160 163 -399.841699
161 163 -11.2534375
162 163 -10.062459
163 163 10398.3817
164 163 124.666938
165 163 131.331188
166 163 5.1937925
167 163 9999.15748
168 163 0
160 164 281.267021
161 164 -9996.04702
162 164 -10197.7859
163 164 124.666938
164 164 10401.6053
165 164 374.902079
166 164 -399.966225
167 164 129.86886
168 164 0
160 165 0
161 165 0
162 165 -820.701723
163 165 131.331188
164 165 374.902079
165 165 1991.38882
166 165 -373.165448
167 165 136.188689
168 165 -820.701723
163 166 5.1937925
164 166 -399.966225
165 166 -373.165448
166 166 824.238148
167 166 481.752434
168 166 480.071351
169 166 -399.495157
170 166 -502.461117
171 166 0
163 167 9999.15748
164 167 129.86886
165 167 136.188689
166 167 481.752434
167 167 19975.7635
168 167 9924.01606
169 167 20.0984447
170 167 -9987.36838
171 167 0
163 168 0
164 168 0
165 168 -820.701723
166 168 480.071351
167 168 9924.01606
168 168 11513.943
169 168 19.1780486
170 168 -9935.60263
171 168 -820.701723
166 169 -399.495157
167 169 20.0984447
168 169 19.1780486
169 169 813.790401
170 169 -363.587935
171 169 -397.678533
172 169 -399.71196
173 169 379.010905
174 169 0
166 170 -502.461117
167 170 -9987.36838
168 170 -9935.60263
169 170 -363.587935
170 170 19986.2089
171 170 10885.625
172 170 -15.1614329
173 170 -9992.81515
174 170 0
166 171 0
167 171 0
168 171 -820.701723
169 171 -397.678533
170 171 10885.625
171 171 13507.4557
172 171 -15.1844045
173 171 -10892.8771
174 171 -820.701723
169 172 -399.71196
170 172 -15.1614329
171 172 -15.1844045
172 172 803.631391
173 172 186.744859
174 172 195.572227
175 172 -399.92412
176 172 -194.561978
177 172 0
169 173 379.010905
170 173 -9992.81515
171 173 -10892.8771
172 173 186.744859
173 173 19996.3688
174 173 10422.6321
175 173 7.78280206
176 173 -9998.10817
177 173 0
169 174 0
170 174 0
171 174 -820.701723
172 174 195.572227
173 174 10422.6321
174 174 12508.4786
175 174 7.25045979
176 174 -10424.4637
177 174 -820.701723
172 175 -399.92412
173 175 7.78280206
174 175 7.25045979
175 175 800.010864
176 175 9.67721346
177 175 11.8834096
178 175 -400.000355
179 175 -10.0812456
180 175 0
172 176 -194.561978
173 176 -9998.10817
174 176 -10424.4637
175 176 9.67721346
176 176 19999.9912
177 176 9753.88834
178 176 0.40351523
179 176 -9999.99524
180 176 0
172 177 0
173 177 0
174 177 -820.701723
175 177 11.8834096
176 177 9753.88834
177 177 11155.2609
178 177 -2.049954
179 177 -9753.89514
180 177 -820.701723
175 178 -400.000355
176 178 0.40351523
177 178 -2.049954
178 178 10373.9875
179 178 -499.068644
180 178 -525.416822
181 178 -20.8398953
182 178 9986.42589
183 178 0
175 179 -10.0812456
176 179 -9999.99524
177 179 -9753.89514
178 179 -499.068644
179 179 10426.0153
180 179 407.56412
181 179 -399.456781
182 179 -520.567786
183 179 0
175 180 0
176 180 0
177 180 -820.701723
178 180 -525.416822
179 180 407.56412
180 180 2031.56063
181 180 -379.659053
182 180 -545.920015
183 180 -820.701723
178 181 -20.8398953
179 181 -399.456781
180 181 -379.659053
181 181 834.09506
182 181 -571.111449
183 181 -531.908438
184 181 -399.288871
185 181 595.950156
186 181 0
178 182 9986.42589
179 182 -520.567786
180 182 -545.920015
181 182 -571.111449
182 182 19965.8408
183 182 9354.40855
184 182 -23.8405445
185 182 -9982.22363
186 182 0
178 183 0
179 183 0
180 183 -820.701723
181 183 -531.908438
182 183 9354.40855
183 183 10421.907
184 183 -26.5162956
185 183 -9369.50871
186 183 -820.701587
181 184 -399.288871
182 184 -23.8405445
183 184 -26.5162956
184 184 808.174478
185 184 -280.012292
186 184 -283.683009
187 184 -399.830033
188 184 291.807581
189 184 0
181 185 595.950156
182 185 -9982.22363
183 185 -9369.50871
184 185 -280.012292
185 185 19991.8879
186 185 10120.9153
187 185 -11.6591835
188 185 -9995.76873
189 185 0
181 186 0
182 186 0
183 186 -820.701587
184 186 -283.683009
185 186 10120.9153
186 186 11893.0389
187 186 -11.7589928
188 186 -10124.8743
189 186 -820.701587
184 187 -399.830033
185 187 -11.6591835
186 187 -11.7589928
187 187 847.820157
188 187 675.845945
189 187 650.767801
190 187 -399.001581
191 187 -705.780178
192 187 0
184 188 291.807581
185 188 -9995.76873
186 188 -10124.8743
187 188 675.845945
188 188 19952.1975
189 188 9579.94793
190 188 28.245343
191 188 -9975.04572
192 188 0
184 189 0
185 189 0
186 189 -820.701587
187 189 650.767801
188 189 9579.94793
189 189 10863.0421
190 189 27.0028311
191 189 -9601.97239
192 189 -820.701587
187 190 -399.001581
188 190 28.245343
189 190 27.0028311
190 190 816.157298
191 190 393.492697
192 190 394.513387
193 190 -399.663386
194 190 -410.248177
195 190 0
187 191 -705.780178
188 191 -9975.04572
189 191 -9601.97239
190 191 393.492697
191 191 19983.776
192 191 10163.909
193 191 16.4114353
194 191 -9991.55991
195 191 0
187 192 0
188 192 0
189 192 -820.701587
190 192 394.513387
191 192 10163.909
192 192 11988.7536
193 192 22.7936472
194 192 -10171.5498
195 192 -820.701587
190 193 -399.663386
191 193 16.4114353
192 193 22.7936472
193 193 10399.9919
194 193 13.4719343
195 193 -110.803193
196 193 -0.559802849
197 193 -9999.99388
198 193 0
190 194 -410.248177
191 194 -9991.55991
192 194 -10171.5498
193 194 13.4719343
194 194 10400.0087
195 194 379.08322
196 194 399.998558
197 194 -14.0361747
198 194 0
190 195 0
191 195 0
192 195 -820.701587
193 195 -110.803193
194 195 379.08322
195 195 2002.17482
196 195 379.238626
197 195 110.269665
198 195 -820.701723
193 196 -0.559802849
194 196 399.998558
195 196 379.238626
196 196 807.609511
197 196 270.20655
198 196 261.660958
199 196 -399.840333
200 196 -281.580143
201 196 0
193 197 -9999.99388
194 197 -14.0361747
195 197 110.269665
196 197 270.20655
197 197 19992.386
198 197 9683.84424
199 197 11.2629043
200 197 -9996.03304
201 197 0
193 198 0
194 198 0
195 198 -820.701723
196 198 261.660958
197 198 9683.84424
198 198 11026.2302
199 198 11.1200834
200 198 -9687.36993
201 198 -820.701723
196 199 -399.840333
197 199 11.2629043
198 199 11.1200834
199 199 803.905613
200 199 193.647745
201 199 194.566331
202 199 -399.918307
203 199 -201.757601
204 199 0
196 200 -281.580143
197 200 -9996.03304
198 200 -9687.36993
199 200 193.647745
200 200 19996.08
201 200 10199.5654
202 200 8.06887338
203 200 -9997.96113
204 200 0
196 201 0
197 201 0
198 201 -820.701723
199 201 194.566331
200 201 10199.5654
201 201 12048.6148
202 201 11.2552168
203 201 -10201.4194
204 201 -820.701723
199 202 -399.918307
200 202 8.06887338
201 202 11.2552168
202 202 800.460125
203 202 66.4055014
204 202 67.6666737
205 202 -399.989911
206 202 -69.17128
207 202 0
199 203 -201.757601
200 203 -9997.96113
201 203 -10201.4194
202 203 66.4055014
203 203 19999.5436
204 203 11033.1004
205 203 2.77142717
206 203 -9999.76399
207 203 0
199 204 0
200 204 0
201 204 -820.701723
202 204 67.6666737
203 204 11033.1004
204 204 13814.9695
205 204 8.65796425
206 204 -11033.3063
207 204 -820.701723
202 205 -399.989911
203 205 2.77142717
204 205 8.65796425
205 205 836.543657
206 205 591.17349
207 205 583.079784
208 205 -399.238311
209 205 -616.987208
210 205 0
202 206 -69.17128
203 206 -9999.76399
204 206 -11033.3063
205 206 591.17349
206 206 19963.4681
207 206 9837.9253
208 206 24.679616
209 206 -9980.9508
210 206 0
202 207 0
203 207 0
204 207 -820.701723
205 207 583.079784
206 207 9837.9253
207 207 11355.3736
208 207 25.0175301
209 207 -9855.15241
210 207 -820.701723
205 208 -399.238311
206 208 24.679616
207 208 25.0175301
208 208 10355.257
209 208 653.884181
210 208 927.160173
211 208 -27.2920315
212 208 -9976.6576
213 208 0
205 209 -616.987208
206 209 -9980.9508
207 209 -9855.15241
208 209 653.884181
209 209 10444.7432
210 209 439.787703
211 209 399.067464
212 209 -682.720223
213 209 0
205 210 0
206 210 0
207 210 -820.701723
208 210 927.160173
209 210 439.787703
210 210 2085.04073
211 210 375.464268
212 210 -955.020601
213 210 -820.701723
208 211 -27.2920315
209 211 399.067464
210 211 375.464268
211 211 800.319233
212 211 55.3413517
213 211 49.0433716
214 211 -399.993368
215 211 -57.6662488
216 211 0
208 212 -9976.6576
209 212 -682.720223
210 212 -955.020601
211 212 55.3413517
212 212 19999.6243
213 212 9255.18008
214 212 2.29467817
215 212 -9999.81156
216 212 0
208 213 0
209 213 0
210 213 -820.701723
211 213 49.0433716
212 213 9255.18008
213 213 10207.554
214 213 4.31694207
215 213 -9255.32003
216 213 -820.701723
211 214 -399.993368
212 214 2.29467817
213 214 4.31694207
214 214 800.423809
215 214 63.8323988
216 214 60.3532646
217 214 -399.990927
218 214 -66.4793397
219 214 0
211 215 -57.6662488
212 215 -9999.81156
213 215 -9255.32003
214 215 63.8323988
215 215 19999.5674
216 215 9713.30438
217 215 2.67008949
218 215 -9999.79106
219 215 0
211 216 0
212 216 0
213 216 -820.701723
214 216 60.3532646
215 216 9713.30438
216 216 11076.6368
217 216 4.23296559
218 216 -9713.50078
219 216 -820.701723
214 217 -399.990927
215 217 2.67008949
216 217 4.23296559
217 217 813.366713
218 217 357.960957
219 217 366.722483
220 217 -399.721213
221 217 -373.148559
222 217 0
214 218 -66.4793397
215 218 -9999.79106
216 218 -9713.50078
217 218 357.960957
218 218 19986.6906
219 218 10237.7755
220 218 14.9266272
221 218 -9993.05438
222 218 0
214 219 0
215 219 0
216 219 -820.701723
217 219 366.722483
218 219 10237.7755
219 219 12136.6
220 219 15.5531012
221 219 -10244.3126
222 219 -820.701723
217 220 -399.721213
218 220 14.9266272
219 220 15.5531012
220 220 807.879483
221 220 -274.921149
222 220 -243.679335
223 220 -399.836372
224 220 286.494346
225 220 0
217 221 -373.148559
218 221 -9993.05438
219 221 -10244.3126
220 221 -274.921149
221 221 19992.1242
222 221 8820.20834
223 221 -11.4445183
224 221 -9995.9062
225 221 0
217 222 0
218 222 0
219 222 -820.701723
220 222 -243.679335
221 222 8820.20834
222 222 9427.14701
223 222 -9.10088433
224 222 -8823.57734
225 222 -820.701723
220 223 -399.836372
221 223 -11.4445183
222 223 -9.10088433
223 223 10396.8813
224 223 -173.086499
225 223 -75.8287107
226 223 -7.20962074
227 223 9998.37427
228 223 0
220 224 286.494346
221 224 -9995.9062
222 224 -8823.57734
223 224 -173.086499
224 224 10403.1415
225 224 408.49001
226 224 -399.935477
227 224 -180.310752
228 224 0
220 225 0
221 225 0
222 225 -820.701723
223 225 -75.8287107
224 225 408.49001
225 225 2056.33244
226 225 -407.056765
227 225 -83.1808963
228 225 -820.701723
223 226 -7.20962074
224 226 -399.935477
225 226 -407.056765
226 226 801.181333
227 226 -106.379046
228 226 -106.475234
229 226 -399.976474
230 226 110.819897
231 226 0
223 227 9998.37427
224 227 -180.310752
225 227 -83.1808963
226 227 -106.379046
227 227 19998.8163
228 227 10197.5523
229 227 -4.43326803
230 227 -9999.38366
231 227 0
223 228 0
224 228 0
225 228 -820.701723
226 228 -106.475234
227 228 10197.5523
228 228 12041.6496
229 228 -6.54131875
230 228 -10198.1062
231 228 -820.701723
226 229 -399.976474
227 229 -4.43326803
228 229 -6.54131875
229 229 803.883653
230 229 193.033231
231 229 188.283112
232 229 -399.919005
233 229 -201.115642
234 229 0
226 230 110.819897
227 230 -9999.38366
228 230 -10198.1062
229 230 193.033231
230 230 19996.1122
231 230 9821.58122
232 230 8.04522926
233 230 -9997.97501
234 230 0
226 231 0
227 231 0
228 231 -820.701723
229 231 188.283112
230 231 9821.58122
231 231 11291.5037
232 231 9.28342344
233 231 -9823.38168
234 231 -820.701723
229 232 -399.919005
230 232 8.04522926
231 232 9.28342344
232 232 825.939743
233 232 -498.349176
234 232 -504.008102
235 232 -399.458991
236 232 519.81415
237 232 0
229 233 -201.115642
230 233 -9997.97501
231 233 -9823.38168
232 233 -498.349176
233 233 19974.057
234 233 10045.5496
235 233 -20.7908975
236 233 -9986.48171
237 233 0
229 234 0
230 234 0
231 234 -820.701723
232 234 -504.008102
233 234 10045.5496
234 234 11758.9668
235 234 -18.8547318
236 234 -10058.1698
237 234 -820.701723
232 235 -399.458991
233 235 -20.7908975
234 235 -18.8547318
235 235 804.816493
236 235 214.989853
237 235 207.494476
238 235 -399.8993
239 235 -224.003848
240 235 0
232 236 519.81415
233 236 -9986.48171
234 236 -10058.1698
235 236 214.989853
236 236 19995.1908
237 236 9535.5352
238 236 8.9606479
239 236 -9997.49421
240 236 0
232 237 0
233 237 0
234 237 -820.701723
235 237 207.494476
236 237 9535.5352
237 237 10738.4388
238 237 6.15807834
239 237 -9537.78936
240 237 -820.701723
235 238 -399.8993
236 238 8.9606479
237 238 6.15807834
238 238 10390.4247
239 238 -303.054906
240 238 -296.259707
241 238 12.6300675
242 238 -9995.00574
243 238 0
235 239 -224.003848
236 239 -9997.49421
237 239 -9537.78936
238 239 -303.054906
239 239 10409.5788
240 239 401.261735
241 239 399.800633
242 239 315.83847
243 239 0
235 240 0
236 240 0
237 240 -820.701723
238 240 -296.259707
239 240 401.261735
240 240 2034.51913
241 240 391.704473
242 240 308.785006
243 240 -820.701723
238 241 12.6300675
239 241 399.800633
240 241 391.704473
241 241 821.341585
242 241 -452.131061
243 241 -435.736376
244 241 -399.555761
245 241 471.496974
246 241 0
238 242 -9995.00574
239 242 315.83847
240 242 308.785006
241 242 -452.131061
242 242 19978.6474
243 242 9560.22811
244 242 -18.8465474
245 242 -9988.86395
246 242 0
238 243 0
239 243 0
240 243 -820.701723
241 243 -435.736376
242 243 9560.22811
243 243 10800.7621
244 243 -15.4979989
245 243 -9570.12506
246 243 -820.701723
241 244 -399.555761
242 244 -18.8465474
243 244 -15.4979989
244 244 818.131732
245 244 -416.82762
246 244 -404.36211
247 244 -399.621465
248 244 434.593056
249 244 0
241 245 471.496974
242 245 -9988.86395
243 245 -9570.12506
244 245 -416.82762
245 245 19981.8055
246 245 9693.18046
247 245 -17.397008
248 245 -9990.55304
249 245 0
241 246 0
242 246 0
243 246 -820.701723
244 246 -404.36211
245 246 9693.18046
246 246 11054.2762
247 246 -17.2922615
248 246 -9701.62816
249 246 -820.701723
244 247 -399.621465
245 247 -17.397008
246 247 -17.2922615
247 247 800.120204
248 247 -33.9825348
249 247 -32.1393804
250 247 -399.997402
251 247 35.4138386
252 247 0
244 248 434.593056
245 248 -9990.55304
246 248 -9701.62816
247 248 -33.9825348
248 248 19999.9513
249 248 9964.3318
250 248 -1.41119807
251 248 -9999.97212
252 248 0
244 249 0
245 249 0
246 249 -820.701723
247 249 -32.1393804
248 249 9964.3318
249 249 11570.2845
250 249 -3.14224167
251 249 -9964.3809
252 249 -820.701723
247 250 -399.997402
248 250 -1.41119807
249 250 -3.14224167
250 250 804.329193
251 250 203.816211
252 250 193.619937
253 250 -399.910096
254 250 -212.363028
255 250 0
247 251 35.4138386
248 251 -9999.97212
249 251 -9964.3809
250 251 203.816211
251 251 19995.7396
252 251 9511.07467
253 251 8.48389106
254 251 -9997.76669
255 251 0
247 252 0
248 252 0
249 252 -820.701723
250 252 193.619937
251 252 9511.07467
252 252 10691.343
253 252 8.39263487
254 252 -9513.02767
255 252 -820.701723
250 253 -399.910096
251 253 8.48389106
252 253 8.39263487
253 253 10399.1441
254 253 -90.9659224
255 253 -61.2328926
256 253 3.78616198
257 253 -9999.55159
258 253 0
250 254 -212.363028
251 254 -9997.76669
252 254 -9513.02767
253 254 -90.9659224
254 254 10400.8696
255 254 393.625467
256 254 399.98268
257 254 94.7725979
258 254 0
250 255 0
251 255 0
252 255 -820.701723
253 255 -61.2328926
254 255 393.625467
255 255 2028.00186
256 255 393.028028
257 255 64.9610618
258 255 -820.701723
253 256 3.78616198
254 256 399.98268
255 256 393.028028
256 256 800.046918
257 256 -20.6154885
258 256 -19.8077915
259 256 -399.999566
260 256 21.4810799
261 256 0
253 257 -9999.55159
254 257 94.7725979
255 257 64.9610618
256 257 -20.6154885
257 257 19999.9436
258 257 9177.8221
259 257 -0.855321034
260 257 -9999.97476
261 257 0
253 258 0
254 258 0
255 258 -820.701723
256 258 -19.8077915
257 258 9177.8221
258 258 10064.6907
259 258 0.0973678508
260 258 -9177.8482
261 258 -820.701723
256 259 -399.999566
257 259 -0.855321034
258 259 0.0973678508
259 259 812.950317
260 259 -352.368338
